19 100
77 95 96 98 99 100 100 100 100 100 100 100 100 100 100 100 100 100 100
12 16
4 19
12 19
19 19
11 18
3 11
4 4
4 6
18 19
9 12
12 18
5 19
18 19
17 18
14 17
3 4
5 7
7 8
1 3
3 8
7 11
1 7
3 6
11 11
15 15
16 16
7 12
3 19
7 15
7 17
13 13
2 10
12 14
12 13
7 19
4 14
12 18
17 18
18 18
10 18
1 3
18 18
1 1
8 17
16 19
6 16
1 7
2 7
11 14
18 18
4 15
4 13
18 18
4 4
5 10
8 15
13 19
8 16
3 18
17 18
7 17
5 9
3 3
16 17
15 15
4 12
9 13
8 16
8 9
17 19
18 18
14 18
7 8
1 6
15 19
5 17
14 17
6 13
9 12
4 14
9 12
13 16
15 19
1 19
5 18
12 14
19 19
10 19
6 17
9 9
6 13
18 18
13 18
10 14
18 18
15 16
2 3
1 13
2 15
12 17
0
